959
511
778
466
816
698
518
621
688
563
891
279
841
54
391
266
210
844
470
264
712
789
694
632
307
628
152
159
392
799
689
681
967
118
267
82
712
246
757
372
562
178
603
416
270
203
11
405
881
289
652
617
631
205
794
103
379
978
592
312
762
728
395
260
705
247
931
864
984
501
999
931
267
311
989
493
298
546
816
602
741
340
392
292
626
823
763
446
15
84
308
908
270
520
649
797
129
886
900
542
602
69
723
826
897
676
17
240
586
414
457
533
560
917
739
865
144
677
199
979
546
820
862
167
432
615
267
563
569
395
516
383
4
954
384
263
284
1000
978
870
604
233
930
465
517
971
869
592
679
83
824
307
681
934
283
280
799
842
171
156
157
878
118
640
598
911
556
575
664
410
939
248
972
212
298
577
216
459
125
624
448
966
826
173
299
32
719
635
359
517
631
7
1000
815
608
787
310
845
449
389
845
629
951
72
781
946
39
996
800
932
847
654
286
606
999
288
107
313
354
85
795
741
899
649
840
893
147
760
634
594
213
192
993
933
852
707
799
998
452
196
403
962
541
609
837
218
911
548
138
235
391
981
56
309
648
601
132
692
803
262
810
965
53
902
176
49
142
868
247
727
777
817
770
70
856
678
713
448
156
430
194
300
38
450
165
587
592
217
60
534
341
748
115
780
299
459
576
464
595
781
553
145
623
215
152
848
746
927
712
952
61
155
845
111
240
815
388
14
923
40
810
980
450
520
755
439
786
473
258
290
635
797
718
220
469
222
716
453
795
805
162
90
512
883
377
865
586
266
716
618
910
924
376
854
869
200
10
859
877
121
640
707
547
208
777
883
182
645
850
608
887
396
107
704
839
642
335
291
500
457
109
42
878
862
351
185
767
1
604
218
233
967
508
829
636
736
122
174
414
71
498
747
230
908
633
146
568
638
398
478
427
412
932
638
748
636
97
132
22
222
599
808
462
141
759
63
369
542
772
1000
125
342
85
321
267
161
233
848
294
798
776
928
211
330
441
447
177
963
970
419
320
43
664
198
161
424
325
379
533
78
926
27
202
442
775
86
271
253
319
720
565
689
759
86
777
253
307
638
525
466
780
547
817
242
815
538
551
500
945
186
367
15
210
598
274
555
512
986
969
111
557
777
520
31
315
634
958
346
369
420
723
673
681
555
389
216
207
160
642
693
66
187
861
176
393
355
968
401
423
203
907
405
206
252
973
379
946
757
747
227
456
102
870
468
729
136
254
854
520
137
661
81
838
125
619
585
689
719
938
885
133
846
530
691
758
828
301
868
553
913
767
847
375
356
120
301
6
994
94
580
67
634
554
609
859
24
4
587
940
828
773
902
400
266
116
317
21
397
101
796
373
32
919
382
912
764
847
78
762
312
274
601
924
233
577
798
58
840
663
734
394
467
64
290
100
135
710
610
496
531
228
735
37
671
741
830
378
124
621
81
905
353
662
977
912
129
711
185
852
307
980
838
475
875
216
369
171
206
938
299
49
685
382
320
366
964
4
996
349
101
347
252
317
272
740
174
215
859
646
289
815
254
202
95
757
323
216
924
962
317
411
154
77
458
50
978
739
518
787
971
796
63
526
427
470
387
712
356
428
57
495
141
854
801
776
964
991
810
585
382
608
127
536
606
986
270
622
464
441
4
346
29
328
326
322
130
193
555
254
218
733
80
469
628
939
556
46
760
581
859
787
293
284
657
599
919
458
515
770
996
286
584
323
663
670
678
885
987
810
630
896
137
555
64
334
892
498
836
588
412
320
527
35
973
567
97
994
823
891
586
323
192
268
58
863
805
455
832
656
441
839
366
243
345
324
583
205
251
711
63
875
824
15
906
258
14
568
782
42
398
351
733
808
619
497
610
194
47
884
471
500
466
74
209
416
770
672
40
285
325
973
681
475
645
325
448
153
416
572
127
55
793
659
211
760
348
408
841
476
580
901
431
385
296
426
165
856
149
609
921
762
883
278
122
560
67
285
884
985
946
402
242
422
757
692
430
970
518
439
238
78
321
445
83
208
517
640
700
852
289
524
469
99
787
626
309
794
347
402
231
144
959
626
85
808
360
497
952
760
510
976
76
324
456
781
587
525
378
872
444
201
943
749
529
912
739
488
221
738
116
687
155
360
428
807
951
738
525
488
54
323
389
668
190
691
66
611
167
779
741
85
320
335
84
146
589
348
579
994
12
47
773
611
860
216
700
873
987
494
813
977
771
844
197
172
434
728
843
112
598
155
116
470
667
11
469
144
786
244
517
453
91
252
644
513
393
674
955
678
476
540
635
102
329
272
157
547
953
196
123
752
125
110
94
716
523
231
237
917
312
713
733
568
622
445
315
642
564
868
779
118
895
137
652
330
445
150
954
988
832
890
215
504
4
748
480
837
301
570
964
671
936
994
3
530
553
478
338
468
965
254
922
689
603
215
284
844
290
215
107
836
892
543
782
483
713
814
460
242
44
620
943
257
913
433
263
64
110
806
178
720
247
932
12
619
742
696
65
50
80
871
274
472
988
80
647
54
56
772
109
860
633
238
695
806
790
554
815
372
213
391
125
488
232
805
786
419
980
726
670
559
615
578
327
400
558
2
416
743
928
180
476
199
17
250
273
90
899
507
289
404
670
540
799
371
40
889
344
402
848
664
786
832
934
711
436
558
896
477
464
866
190
408
901
456
47
287
218
932
123
675
329
694
863
580
20
226
883
798
347
405
458
935
213
357
724
134
863
722
939
492
4
370
337
885
601
913
526
231
680
902
410
211
51
284
173
120
426
137
95
354
850
574
182
118
121
884
496
562
12
872
779
411
608
587
952
279
180
675
848
282
653
139
228
351
32
566
989
189
202
209
209
730
979
489
898
622
704
473
261
784
909
367
505
380
858
789
478
993
367
660
612
235
620
668
738
418
636
110
943
816
572
442
319
905
424
791
126
576
316
479
459
86
263
729
917
924
476
706
31
444
118
372
167
542
676
193
837
859
121
777
986
687
214
251
53
738
668
472
32
872
201
195
363
123
427
685
808
144
969
185
484
610
62
693
302
722
409
136
285
147
241
832
984
968
906
148
115
324
355
778
846
121
31
742
643
113
831
301
111
122
424
172
927
578
281
865
633
548
77
111
700
108
819
784
427
993
789
556
26
734
424
318
801
942
576
828
350
918
11
355
594
5
644
171
313
397
56
322
718
425
979
474
30
587
377
951
204
583
753
732
490
452
172
146
600
17
219
807
254
618
896
543
884
145
17
415
510
306
84
64
303
454
69
36
773
965
183
811
478
142
884
368
870
907
862
570
113
29
536
496
466
614
578
501
733
309
757
519
391
576
382
786
18
524
118
111
552
161
573
574
895
674
492
367
16
536
73
288
568
622
427
975
478
146
316
956
884
797
687
192
515
929
823
507
192
399
954
653
613
950
338
379
567
840
248
408
851
903
265
403
169
796
99
307
962
279
192
818
427
232
647
298
851
73
880
127
373
736
599
840
852
91
927
885
295
684
496
806
1000
928
40
324
666
754
181
660
730
454
912
899
534
764
373
835
16
644
589
678
427
542
22
562
277
398
985
722
423
215
389
908
147
412
613
610
717
44
482
189
438
404
704
358
691
819
865
134
577
114
302
110
159
759
862
710
866
272
489
455
37
442
954
861
430
958
457
59
20
712
733
112
357
857
161
822
552
230
181
44
705
532
432
833
15
50
958
474
770
695
28
851
800
972
268
642
495
336
342
98
897
589
19
350
612
781
96
521
294
121
986
583
464
590
436
725
393
549
86
918
795
527
37
682
795
944
262
576
166
55
903
788
188
592
399
837
866
385
318
813
817
319
836
765
111
37
948
517
979
77
496
177
291
18
349
627
368
778
74
408
696
522
479
865
421
435
759
70
993
408
163
183
351
998
285
426
869
393
400
454
466
959
418
542
792
551
450
188
486
490
608
56
139
960
937
684
317
351
861
439
607
727
666
131
674
779
14
207
786
167
825
986
176
524
202
126
982
402
601
964
257
436
760
227
275
420
196
971
614
145
940
264
283
5
841
791
862
636
665
18
624
240
191
347
450
639
156
716
51
484
514
501
806
237
758
679
603
650
703
983
860
178
788
321
909
541
568
609
47
125
227
439
535
172
76
215
165
172
611
731
849
127
290
919
602
851
930
608
977
926
2
302
348
238
868
606
937
698
520
425
475
76
615
778
546
282
762
644
512
885
490
81
52
747
275
70
901
907
262
952
708
687
614
218
934
976
388
951
859
541
396
114
714
527
781
507
260
349
163
536
380
547
205
80
723
990
189
295
806
817
15
286
816
642
393
475
487
563
143
547
70
924
770
400
280
784
837
737
481
685
461
442
856
694
455
219
366
494
984
344
376
252
809
176
946
658
341
728
407
125
890
621
1
393
695
145
860
649
885
432
535
14
260
566
334
498
865
380
558
763
743
153
271
68
414
900
625
409
641
400
573
765
57
245
166
793
983
150
626
170
378
124
981
754
118
458
163
501
382
752
441
474
206
161
46
667
459
324
510
591
280
84
133
277
62
980
701
595
48
550
997
104
222
911
509
887
410
470
370
495
522
745
713
988
201
807
822
344
645
205
250
979
979
723
454
198
992
63
790
380
307
593
578
391
519
743
168
718
421
872
211
606
861
103
701
142
936
482
639
663
911
708
410
820
643
36
223
74
638
571
890
191
237
930
985
313
423
243
670
741
718
793
254
369
4
255
924
260
564
580
777
394
295
192
154
875
376
437
894
788
107
307
946
205
299
678
236
553
874
355
21
488
6
77
477
269
810
496
312
978
199
587
851
839
972
916
712
94
231
548
8
88
30
191
649
752
645
691
558
184
445
676
27
428
715
873
614
509
485
925
284
777
215
984
987
376
81
808
642
372
768
604
260
844
345
352
414
443
494
423
29
473
536
862
787
514
604
636
339
448
67
198
779
495
796
789
374
374
538
195
479
817
68
368
926
250
775
905
749
117
298
914
740
19
990
655
645
21
839
526
857
61
825
214
432
543
485
859
107
425
127
862
980
968
139
140
33
585
398
863
275
277
323
26
951
699
111
522
455
876
10
847
32
51
721
976
897
880
32
27
933
617
603
127
727
488
270
937
978
332
343
700
464
310
683
5
346
27
227
275
113
443
675
825
257
88
66
182
561
572
362
767
8
927
103
157
119
906
820
349
57
875
956
211
193
5
166
435
815
111
610
581
415
838
812
185
50
158
960
952
89
801
846
725
799
184
174
521
152
747
961
931
789
809
695
425
535
850
726
250
691
399
810
19
98
959
92
973
795
807
19
858
238
856
903
792
806
483
205
219
17
118
286
961
391
91
835
380
166
939
890
381
977
221
701
1000
372
431
494
336
407
482
81
840
955
404
654
18
954
751
743
191
363
294
437
345
449
664
975
865
270
600
99
714
737
298
164
232
983
401
215
318
216
283
65
921
860
610
783
119
324
878
301
664
332
183
917
655
776
579
454
604
897
102
972
951
726
178
617
300
660
713
296
7
260
68
21
672
256
54
547
872
344
892
43
366
856
967
95
732
160
788
34
735
230
770
159
110
111
231
705
982
504
864
503
654
472
198
872
689
378
903
209
360
634
964
9
612
235
8
630
348
810
351
331
574
896
238
934
612
549
759
323
967
280
740
326
709
654
231
175
531
362
332
510
468
84
28
607
285
223
70
530
313
454
2
318
884
441
712
828
3
202
984
740
830
519
156
597
30
43
422
859
284
658
905
383
835
61
210
484
644
955
811
960
142
676
699
946
435
95
145
735
856
110
824
535
717
927
16
32
984
856
214
362
502
273
281
833
410
928
399
349
485
330
347
552
709
192
442
765
608
685
152
197
865
315
622
196
921
708
555
993
780
337
109
60
735
942
961
474
200
823
512
791
730
470
293
304
521
910
887
467
858
444
118
622
539
298
546
610
484
418
423
39
604
42
525
907
939
164
73
430
839
519
712
458
668
89
287
643
893
769
876
164
284
873
763
980
143
809
146
434
399
448
30
138
692
695
724
178
995
380
88
819
750
266
540
307
156
758
840
318
2
742
781
704
868
162
24
44
437
567
462
604
722
757
668
298
497
663
85
915
249
23
67
656
284
112
61
973
133
42
835
524
152
123
371
333
849
875
512
797
593
193
17
821
183
556
285
865
243
931
465
415
840
568
687
819
61
484
665
827
374
819
384
651
322
408
468
631
189
508
613
218
590
56
455
412
921
162
388
155
779
742
960
560
20
849
52
192
791
677
952
698
962
209
955
377
133
622
544
923
528
426
837
690
301
310
172
963
940
257
648
939
256
483
439
158
694
612
456
27
728
58
247
189
553
91
371
363
992
940
154
18
555
310
48
46
252
578
269
798
173
904
863
944
821
142
172
964
943
595
522
773
9
717
451
40
617
299
214
161
836
363
578
500
220
363
740
308
124
313
351
533
930
552
449
829
925
625
38
334
713
690
131
913
822
253
557
650
951
688
696
140
862
998
40
478
319
154
140
330
486
112
257
627
683
188
704
947
455
546
658
159
478
824
420
542
268
217
196
339
119
227
986
238
498
880
838
548
395
299
997
681
224
306
782
10
691
346
91
708
143
757
284
628
10
122
118
462
632
504
894
237
572
40
164
328
481
211
955
53
921
553
524
394
894
931
430
122
877
814
775
105
514
923
285
725
855
677
845
43
288
745
652
586
40
427
842
9
160
471
90
111
306
721
347
94
703
671
264
331
917
634
640
86
593
121
535
48
585
758
407
1
935
848
459
102
923
707
306
426
311
788
681
556
142
123
200
431
604
547
23
841
882
337
80
358
683
365
755
990
187
559
626
477
901
335
502
172
794
314
253
5
325
292
762
727
432
493
182
525
766
923
338
292
795
135
264
589
349
362
532
849
923
690
469
765
477
299
742
359
2
363
905
195
302
864
145
318
486
309
837
524
496
264
32
478
735
848
550
450
443
481
12
352
353
653
982
525
179
116
559
260
472
776
927
162
359
834
710
799
742
341
837
774
211
338
35
787
204
574
598
433
921
511
153
43
763
161
632
864
91
624
616
579
858
737
389
999
698
393
217
267
196
844
561
718
449
569
708
523
413
137
893
756
293
202
944
775
100
253
242
685
286
413
229
231
700
193
410
770
718
970
648
657
941
494
650
194
88
975
351
537
311
221
751
776
137
306
938
650
406
944
490
506
529
69
563
175
388
180
180
327
11
581
803
31
365
340
386
68
321
450
819
764
382
272
60
898
820
951
575
509
106
624
95
925
174
922
517
661
529
621
985
795
493
273
555
55
205
86
405
324
81
460
356
427
829
491
406
873
886
324
961
206
597
66
535
579
493
337
94
200
68
450
535
877
201
488
707
449
155
96
459
318
598
863
677
131
942
835
811
535
375
756
200
407
775
971
898
223
284
724
874
603
819
778
890
224
207
414
855
576
71
311
509
414
38
370
972
188
476
90
1000
443
840
796
262
755
148
964
14
549
497
628
427
834
828
634
694
836
714
326
822
732
35
597
494
291
80
349
796
221
777
314
532
588
46
454
772
326
661
270
325
747
709
746
74
595
807
562
383
215
640
432
612
269
272
950
588
25
936
329
289
186
218
788
808
15
537
552
576
305
466
133
588
986
895
123
144
984
417
533
935
126
903
438
928
525
416
367
258
453
184
120
958
449
602
376
859
947
48
422
358
648
31
853
214
24
417
827
776
97
132
537
565
246
281
571
696
446
648
173
753
742
174
265
217
187
114
492
176
762
431
207
301
941
316
487
825
778
580
383
289
898
650
192
749
610
688
168
9
369
646
276
434
720
324
841
945
444
215
813
856
46
134
665
431
846
44
956
62
765
655
388
401
686
451
344
737
516
988
545
154
628
459
305
638
21
464
532
538
348
234
980
535
343
169
476
748
888
134
908
786
478
976
998
165
691
790
53
237
610
14
863
744
86
540
820
202
806
573
167
39
626
693
718
130
216
436
568
609
322
342
46
835
789
370
794
525
436
111
797
386
509
286
453
612
465
788
781
804
856
844
895
902
289
527
523
624
498
166
242
460
219
686
926
94
44
765
568
643
843
473
400
405
856
539
775
189
341
317
762
633
812
763
578
492
190
594
895
336
788
910
353
65
526
288
855
509
572
29
886
211
974
155
515
599
97
822
981
309
980
750
855
529
115
134
173
468
145
948
670
853
223
872
720
743
94
262
879
936
45
433
728
449
459
143
132
687
426
579
72
462
800
189
484
201
450
606
466
929
523
159
619
818
312
626
314
555
341
570
427
553
734
512
673
430
670
623
350
691
222
84
544
310
199
948
459
39
209
560
363
316
585
429
92
107
54
826
38
842
855
879
718
11
618
559
746
316
575
388
977
861
41
211
581
425
924
838
930
882
507
971
990
541
211
410
536
729
483
581
420
707
22
316
719
602
906
793
717
818
132
801
507
649
841
504
811
710
88
558
958
466
174
808
184
318
173
621
116
184
914
514
36
899
403
770
880
305
645
437
646
198
377
331
777
55
829
845
183
904
537
281
183
482
870
591
265
786
549
523
228
464
628
740
258
711
479
899
521
750
876
743
578
269
159
673
181
310
110
698
623
864
501
298
500
691
168
533
95
96
677
842
235
493
64
578
799
646
313
738
296
688
305
380
996
153
498
592
329
438
564
317
924
841
316
130
722
13
587
805
614
763
763
691
90
887
98
428
958
880
443
136
982
535
694
890
930
342
211
474
974
596
10
294
893
896
698
717
864
916
215
786
577
460
500
531
781
383
477
271
724
565
613
932
980
598
688
709
743
861
838
317
6
583
917
540
723
72
845
326
50
729
903
501
365
578
951
571
228
159
198
415
290
644
573
744
506
929
917
87
476
736
853
353
377
70
441
154
358
198
702
872
891
905
310
701
911
220
406
486
724
819
218
405
192
319
392
70
308
980
148
789
956
2
91
26
874
659
302
777
141
113
862
772
473
538
129
199
878
336
985
480
98
83
553
577
37
507
209
323
907
188
702
495
17
634
985
69
979
676
732
458
592
790
152
694
343
466
29
407
920
945
403
341
294
702
197
571
354
626
78
665
203
296
758
480
418
470
756
72
954
119
124
93
413
202
938
327
616
87
730
261
853
563
588
295
743
604
226
460
347
206
67
35
501
218
588
739
909
74
185
474
330
592
694
243
730
255
320
435
700
842
832
32
510
499
583
169
970
310
464
35
664
715
4
942
745
611
639
917
200
587
936
413
182
539
656
367
857
814
508
674
540
73
257
817
565
519
330
668
763
908
617
475
111
245
796
109
242
295
224
373
696
355
801
930
55
730
38
392
887
454
45
742
849
4
925
22
918
762
156
989
957
729
891
450
116
524
203
317
895
637
727
932
587
855
689
675
406
269
995
302
996
72
707
247
546
47
471
530
677
767
966
955
356
911
404
400
267
165
195
192
460
170
574
539
379
674
233
704
389
281
719
776
629
409
609
421
761
194
691
663
675
798
381
779
491
672
411
98
448
949
299
111
360
694
977
872
301
684
801
176
614
419
507
833
687
463
337
874
695
642
261
5
524
158
251
519
403
361
243
259
375
137
669
455
664
626
267
174
521
321
938
168
693
222
766
195
218
366
941
21
312
841
857
677
332
171
355
743
562
999
712
858
276
411
886
918
655
418
419
972
320
683
94
689
495
594
194
582
477
315
937
8
607
447
241
545
73
179
559
509
595
805
613
584
767
209
995
777
956
282
421
856
850
448
940
810
268
137
857
444
301
358
62
489
783
147
425
888
503
828
33
174
425
216
651
565
764
198
316
294
29
351
480
159
807
517
183
477
702
158
99
842
743
905
497
520
201
197
387
135
701
194
13
165
931
3
144
105
994
524
91
187
877
858
295
819
5
99
190
243
857
154
198
425
949
12
763
64
460
596
747
234
119
264
49
523
309
71
901
629
943
544
82
843
754
322
251
814
439
571
81
821
569
324
516
893
667
393
754
525
954
191
689
465
357
417
435
609
186
282
436
760
844
773
715
228
372
454
672
687
72
421
179
681
898
236
659
941
957
461
715
322
651
691
394
654
877
803
395
795
734
794
25
700
372
728
493
809
313
678
62
862
83
256
481
414
788
235
805
898
983
955
496
184
738
780
165
940
93
35
243
506
43
566
530
106
90
79
443
768
720
617
24
175
683
38
326
591
3
124
874
857
937
518
282
379
613
908
642
479
929
949
908
925
983
124
99
156
324
485
287
924
832
725
534
565
34
471
257
767
15
582
273
817
318
249
739
771
834
140
678
99
850
359
247
894
842
125
608
14
223
560
82
581
981
2
348
704
229
37
741
264
759
650
562
549
775
667
328
457
373
628
471
838
75
700
282
305
662
460
784
41
96
787
682
325
747
161
305
858
381
243
494
127
454
970
990
760
831
777
486
129
640
181
746
206
375
269
773
582
274
116
752
909
486
804
474
612
414
952
560
746
292
367
40
438
506
384
336
727
835
959
917
538
799
475
357
86
688
307
102
333
861
91
426
702
548
398
134
858
874
445
324
73
585
538
653
295
124
575
93
969
615
519
944
147
640
578
782
77
259
755
383
648
352
784
142
731
159
853
980
686
886
171
332
724
782
289
190
448
640
826
599
447
47
866
658
352
49
573
431
94
658
572
509
705
929
254
491
811
789
728
51
984
576
826
847
245
61
275
943
93
462
949
571
856
611
496
628
25
863
171
984
415
867
369
793
49
87
277
529
674
729
125
463
443
594
212
908
449
750
531
431
794
272
164
157
150
848
354
244
509
44
657
620
313
667
983
811
527
88
778
13
877
848
910
210
235
288
66
298
836
639
515
997
803
391
99
57
49
130
135
681
924
430
274
29
711
865
450
104
781
29
943
115
737
891
819
41
751
880
790
402
807
70
191
574
783
409
940
96
453
210
479
904
253
693
695
398
303
933
490
665
7
889
449
145
583
936
938
626
970
738
699
388
761
249
823
323
369
613
269
697
841
177
53
976
926
52
772
461
908
59
327
598
442
620
557
666
594
448
10
5
109
79
887
191
435
596
683
201
858
846
509
624
969
688
496
200
229
45
949
124
855
163
58
339
581
215
739
317
115
681
370
807
682
275
977
758
593
232
396
934
124
157
744
774
62
482
165
285
292
600
736
904
860
362
299
273
558
254
185
90
74
953
775
459
321
351
794
454
159
627
183
151
514
865
903
628
700
369
450
934
786
289
659
469
65
112
195
206
551
638
923
657
261
288
109
89
285
70
9
547
435
476
281
603
863
31
375
370
552
742
948
441
501
860
499
149
460
165
437
605
774
645
202
539
886
155
218
51
526
896
71
117
825
257
43
251
34
352
755
277
122
690
314
827
887
725
617
360
906
68
696
276
335
876
120
508
876
881
972
743
306
646
803
653
507
18
763
869
251
965
580
526
490
279
893
421
651
734
215
889
199
775
692
177
425
198
527
69
628
736
782
266
525
787
581
125
537
759
187
961
116
900
167
914
164
546
827
918
337
176
852
124
113
943
743
933
815
678
332
224
89
663
630
255
561
908
569
510
414
347
316
416
865
483
565
166
457
937
949
144
742
184
128
415
718
190
389
116
278
650
859
420
98
508
634
377
647
430
612
654
700
802
379
368
643
912
9
709
914
549
690
628
308
229
553
643
236
392
372
69
677
651
545
431
887
624
187
885
586
340
671
484
620
145
576
888
695
889
515
351
936
694
888
27
143
314
457
237
513
213
61
405
260
772
48
606
999
423
98
851
760
719
534
345
380
637
30
756
469
268
619
373
735
226
520
207
152
992
759
337
735
388
837
92
328
265
168
613
854
853
114
792
443
652
108
756
584
662
449
47
793
968
706
8
534
509
461
434
807
714
912
110
177
352
569
902
607
553
183
485
440
490
390
867
775
622
584
952
277
371
671
382
164
407
133
828
40
528
461
816
491
789
658
108
911
130
81
915
563
207
893
753
700
500
486
166
988
127
562
670
256
550
16
336
743
81
652
450
877
554
445
697
749
742
634
908
54
587
215
949
770
923
580
694
103
456
486
157
415
349
431
272
717
365
889
350
801
145
488
24
253
250
436
828
220
475
265
843
852
122
173
845
939
209
783
632
923
435
105
566
90
95
988
965
692
665
368
376
123
379
342
453
781
290
102
633
875
168
547
169
686
412
933
791
223
934
725
829
718
848
977
688
299
194
863
320
847
305
986
473
394
752
241
223
129
918
743
447
75
198
174
198
860
710
876
352
950
702
283
187
862
330
975
178
280
141
488
812
466
978
434
502
590
759
778
655
129
334
552
456
173
563
64
628
110
289
751
127
410
351
743
52
803
119
849
860
753
145
28
671
271
300
434
688
879
718
746
188
363
115
714
862
995
781
912
376
169
374
191
893
693
413
698
909
308
947
283
831
645
495
343
914
833
668
975
215
38
568
138
71
871
853
340
643
4
621
433
396
46
795
920
764
595
158
525
603
587
975
717
548
108
37
973
251
491
205
521
407
78
659
785
63
971
957
219
245
71
694
423
233
103
147
735
260
915
274
524
367
359
776
767
496
911
517
52
798
492
323
215
611
348
131
411
449
978
423
39
205
544
453
718
176
540
11
536
936
908
380
146
103
514
985
364
719
871
633
890
713
448
719
221
64
139
696
354
58
276
643
622
782
528
32
29
398
724
639
805
202
854
730
785
922
352
185
916
454
250
750
561
841
830
428
508
985
865
335
29
93
938
977
503
277
274
777
505
977
439
710
424
859
952
322
825
268
634
424
236
779
131
812
429
568
785
239
854
66
777
267
866
106
628
205
421
972
173
976
879
952
810
160
22
867
388
38
448
467
5
850
804
230
245
743
784
672
814
727
16
32
533
946
298
562
92
71
203
917
149
220
445
37
250
951
628
262
834
674
859
823
502
973
875
913
547
956
667
944
396
682
457
609
964
212
182
951
324
496
691
711
255
269
781
314
641
445
435
13
618
986
225
814
823
25
5
618
841
118
992
288
483
261
624
26
455
557
840
799
172
459
580
711
248
72
487
795
286
905
978
924
359
339
582
692
330
386
11
980
842
769
762
169
318
186
687
193
579
259
341
161
489
165
116
535
608
877
766
664
211
391
474
562
804
749
460
660
72
262
652
386
589
168
337
722
674
181
577
910
832
133
389
995
991
316
160
947
247
469
128
139
145
423
693
369
751
120
387
672
236
778
379
940
346
574
56
237
862
249
107
878
200
746
346
505
118
268
960
290
50
570
642
877
267
862
535
508
678
447
390
17
317
117
755
1
970
579
500
333
995
230
236
706
474
748
608
488
518
337
754
14
334
316
263
53
177
213
377
625
890
771
964
670
80
928
403
174
146
498
961
571
276
515
743
661
289
784
227
377
815
105
182
959
802
774
629
68
979
430
740
274
350
407
176
27
809
78
473
176
602
551
703
384
194
630
638
808
351
556
905
716
939
390
238
95
204
739
543
502
504
438
7
109
672
513
502
8
678
449
492
653
732
861
515
89
442
82
699
232
342
274
406
509
111
334
382
954
679
404
789
244
586
993
754
944
740
539
30
433
852
537
118
848
839
619
945
261
296
450
71
491
946
466
766
460
45
647
487
179
747
441
662
485
134
753
167
642
86
601
881
982
71
152
11
429
210
670
283
444
213
753
738
439
609
404
670
514
586
540
394
168
911
782
490
366
418
65
620
48
987
871
738
933
120
952
138
336
133
508
489
767
530
50
376
953
576
499
782
40
406
33
605
279
116
615
710
378
839
928
674
327
331
59
159
131
77
301
740
629
532
634
731
658
491
381
71
860
267
770
28
868
452
457
943
820
447
897
833
938
870
149
64
363
611
458
621
665
886
620
655
702
548
316
662
815
504
252
670
233
461
834
908
736
430
151
532
495
923
862
736
884
833
455
127
482
438
724
351
44
29
857
268
880
918
972
786
975
574
383
832
728
524
916
695
223
956
568
879
822
495
486
135
3
39
32
285
518
708
263
871
985
166
709
958
989
311
667
527
984
274
236
863
133
237
509
855
801
632
886
344
519
74
14
308
136
109
462
881
225
960
129
728
395
742
485
47
935
248
91
809
209
705
321
600
958
296
104
456
885
896
789
535
812
113
268
815
11
230
990
111
942
643
182
678
592
177
136
274
255
563
579
72
515
393
688
435
979
648
47
56
700
472
485
892
617
654
893
416
681
263
223
594
561
196
116
198
141
877
815
136
18
621
584
931
473
84
637
984
904
350
897
651
529
753
253
706
33
319
145
755
383
868
672
67
378
521
541
800
39
391
863
390
869
205
37
724
77
234
550
380
553
394
574
255
169
935
562
40
103
131
512
386
301
776
561
876
214
67
853
480
417
568
951
104
248
123
482
570
386
272
528
255
753
441
885
728
343
936
34
406
5
863
544
657
969
390
216
818
697
137
111
776
15
664
509
736
669
509
558
981
485
404
298
850
122
731
353
105
270
616
297
614
925
957
992
245
645
962
928
711
7
274
759
310
132
769
376
770
427
535
147
711
852
750
568
726
136
603
281
411
469
446
736
29
74
868
775
422
761
27
954
465
497
370
168
48
367
582
916
944
162
942
824
302
376
216
607
653
198
306
266
360
117
874
825
898
871
817
170
675
598
995
966
645
434
918
704
234
544
979
343
894
391
441
11
85
214
425
978
130
698
886
196
69
251
511
572
21
513
372
167
418
528
391
159
341
429
926
782
900
538
840
38
200
704
744
194
853
865
96
332
642
951
238
315
457
156
800
279
41
144
227
485
866
703
45
586
431
993
512
393
848
627
514
213
149
414
466
464
171
79
105
944
943
94
70
553
280
488
452
775
784
287
477
63
144
54
273
237
193
287
350
547
514
201
723
187
402
654
787
891
53
669
636
452
669
452
990
219
95
503
410
51
712
910
855
158
700
22
988
259
183
6
90
75
687
279
463
206
317
634
711
827
471
445
385
171
781
819
485
274
826
96
833
57
544
240
687
134
610
219
180
987
203
510
331
117
115
58
537
905
103
400
729
373
567
427
619
648
554
330
288
397
243
388
550
428
190
741
5
252
537
91
620
346
758
257
500
271
363
928
636
988
348
711
860
398
374
19
784
113
323
327
721
259
30
297
631
218
917
613
783
493
130
621
729
7
506
812
834
382
85
821
616
408
67
344
173
650
722
864
933
947
97
155
664
548
130
784
106
35
259
149
332
979
989
821
410
646
822
23
106
249
751
974
171
623
848
805
506
618
995
489
750
896
932
740
124
165
584
150
260
181
663
659
488
533
892
308
768
160
135
961
363
961
120
649
392
232
267
397
508
383
648
444
588
253
723
817
629
888
585
308
175
375
393
326
372
61
510
815
517
735
793
876
350
606
704
958
611
379
599
456
284
216
894
705
239
149
549
858
125
980
821
115
519
324
582
367
810
297
508
639
704
537
158
793
535
732
346
570
647
896
111
259
767
461
67
353
614
443
426
971
179
994
423
731
378
213
661
985
376
703
348
840
981
667
435
575
607
146
733
87
870
928
646
358
626
21
339
646
948
671
342
829
701
914
816
90
57
681
366
643
253
621
685
529
897
892
952
165
486
790
873
18
605
869
995
531
560
597
613
66
927
89
704
648
192
337
46
306
586
173
300
836
735
597
786
82
244
863
490
734
921
631
151
18
72
639
237
677
465
715
171
754
735
735
257
656
145
674
981
626
976
988
641
164
454
723
999
244
129
761
894
995
375
652
681
61
611
124
409
924
82
380
644
908
146
680
969
353
664
967
988
627
940
408
512
411
105
325
204
588
571
459
830
550
167
401
60
914
862
543
224
503
946
499
94
362
441
936
49
385
338
173
261
497
666
971
671
66
693
861
112
709
712
388
600
646
8
365
977
984
269
424
142
191
973
763
962
799
103
232
563
613
418
564
812
882
705
891
697
982
76
9
310
514
142
19
203
744
30
757
483
371
182
891
927
559
698
607
484
951
84
365
38
479
653
996
813
8
801
119
598
967
977
727
271
185
936
786
638
816
466
779
177
159
418
249
242
10
891
205
460
304
597
383
998
972
969
466
117
191
278
34
390
71
799
768
395
902
26
406
419
764
31
507
40
397
584
383
232
193
199
847
951
411
247
589
433
242
865
278
865
978
505
841
997
592
435
116
28
420
908
122
465
226
396
946
762
437
436
972
462
317
266
570
286
242
857
159
135
957
450
758
439
728
467
159
823
792
116
174
286
616
866
383
911
788
771
174
287
330
821
560
437
143
879
661
56
897
603
298
722
420
526
134
895
441
392
966
428
991
825
627
992
183
104
264
810
499
238
957
216
576
963
939
456
234
717
428
23
882
283
259
104
266
859
356
989
112
89
782
296
407
278
457
89
158
385
839
381
647
330
967
168
631
996
681
503
423
629
563
212
95
450
679
62
179
342
447
20
251
109
374
605
816
371
577
818
699
538
802
439
565
927
560
818
53
122
627
911
860
26
408
679
590
429
963
421
81
397
895
203
503
759
694
676
16
87
42
585
891
261
283
886
883
789
825
969
629
96
531
180
677
397
581
29
949
964
185
911
648
84
19
992
574
628
639
736
331
560
9
781
235
171
628
405
441
19
798
374
796
64
126
214
412
889
122
466
685
576
397
648
161
77
89
877
760
618
325
518
352
854
63
763
634
130
930
788
221
175
26
635
439
114
495
980
525
228
566
125
35
214
241
523
880
116
77
625
699
636
42
995
535
987
375
358
523
834
603
2
681
337
397
888
863
715
857
716
68
609
448
317
31
938
311
484
611
872
53
323
899
595
589
307
472
579
881
916
150
176
534
812
822
143
983
202
367
673
169
276
443
487
797
425
190
420
544
685
227
655
406
199
548
336
897
893
689
278
519
712
603
697
816
764
8
366
121
434
810
473
152
399
397
821
859
558
923
591
833
267
883
24
813
213
864
856
584
410
136
142
570
715
410
542
688
510
4
800
170
283
804
261
109
529
545
885
830
639
989
87
829
209
619
819
988
684
732
728
478
429
705
999
299
286
184
221
342
748
338
518
833
306
174
403
831
927
275
256
197
417
245
834
373
559
844
201
397
933
555
866
791
324
997
998
105
931
494
856
879
843
688
201
341
640
295
264
14
626
705
354
588
174
529
291
917
251
950
991
458
229
670
738
789
706
296
698
192
293
681
61
431
257
195
68
335
252
636
784
848
686
882
284
403
672
110
580
902
109
572
574
360
416
912
549
378
897
998
701
538
151
643
105
722
932
271
998
498
429
252
937
287
251
779
889
311
93
115
665
8
316
568
346
925
252
878
484
202
73
451
797
865
438
363
911
765
598
252
655
583
564
410
713
991
639
819
705
191
115
263
177
432
751
893
697
484
783
827
868
22
714
15
796
22
58
358
634
750
262
63
731
143
933
460
728
896
596
643
898
431
263
13
934
514
945
840
768
985
142
891
320
322
652
154
469
462
466
435
660
5
32
363
285
110
570
603
534
722
759
825
843
194
904
596
854
167
437
200
762
753
246
819
144
858
841
237
226
900
532
216
191
140
662
265
26
686
710
458
823
11
982
919
404
540
461
915
296
690
881
109
914
985
709
47
585
824
505
614
783
771
494
810
23
673
809
802
810
651
630
318
911
230
488
315
64
302
769
145
253
37
859
64
153
412
437
309
628
248
784
676
129
68
142
386
452
889
322
5
828
222
230
192
947
372
864
828
966
394
622
84
595
612
281
708
933
248
261
149
595
500
791
567
86
780
942
858
278
740
644
330
168
220
285
924
518
839
559
186
458
997
364
792
193
767
400
189
107
886
820
364
464
364
356
873
913
819
978
116
575
142
582
761
595
217
742
980
974
22
853
860
587
115
53
823
10
438
415
224
815
132
362
470
207
434
442
94
178
770
735
287
502
404
574
485
426
469
609
734
458
365
655
275
120
481
910
869
456
568
25
524
253
502
246
377
851
297
115
927
19
985
94
832
863
629
659
148
473
844
652
232
374
701
381
705
642
767
696
750
253
194
659
572
479
70
612
648
289
991
579
834
211
236
30
959
321
86
795
510
531
746
764
671
628
750
728
493
211
914
1000
906
184
545
632
222
694
645
701
448
4
259
996
721
317
201
289
730
498
587
759
656
94
89
12
358
192
944
509
804
957
200
107
257
626
173
826
35
798
803
863
262
935
410
588
658
524
585
99
186
13
222
303
853
262
264
25
337
60
633
897
920
26
512
633
227
324
543
204
318
58
806
368
967
851
786
790
106
112
297
617
726
166
763
321
780
748
891
541
665
850
262
926
139
866
367
970
265
999
601
487
995
749
822
855
114
124
518
760
135
540
720
446
453
78
71
751
16
308
399
575
644
152
475
966
109
61
697
814
175
25
483
178
551
994
542
265
238
85
454
945
159
370
169
712
226
708
934
727
830
59
896
620
789
147
652
546
577
438
870
244
575
558
352
487
661
766
236
251
527
245
941
767
353
465
93
826
568
244
549
138
123
870
201
20
417
672
389
277
180
970
840
361
409
472
706
46
770
427
361
237
194
513
751
899
297
627
387
623
869
34
112
583
555
513
138
764
789
586
802
100
744
826
334
242
869
331
988
722
988
335
288
210
617
140
357
651
478
255
448
34
318
434
934
443
258
477
546
569
849
724
744
739
555
604
823
219
439
890
412
978
378
924
448
481
348
115
759
203
313
888
930
258
623
532
670
302
605
879
665
457
560
947
960
737
365
910
923
755
959
350
756
2
532
614
492
264
427
115
383
457
866
20
539
533
529
595
280
61
490
181
381
267
489
205
894
112
517
241
963
785
312
675
394
566
373
41
876
3
770
801
561
603
736
502
381
294
741
398
460
595
480
31
500
289
263
962
85
496
359
129
490
422
726
360
468
933
275
205
33
207
423
978
716
763
574
104
985
818
149
596
931
83
770
477
789
995
737
678
328
991
480
533
683
624
955
876
554
70
325
487
613
347
471
277
8
53
692
891
30
491
67
148
177
941
513
972
763
852
68
238
282
865
622
749
415
602
896
156
527
149
160
662
251
645
178
977
106
130
786
232
49
491
664
139
146
589
633
939
961
673
508
217
754
907
675
417
533
45
660
59
88
490
405
720
677
536
528
83
688
400
505
616
939
44
129
318
451
904
326
610
918
997
239
509
273
530
643
586
784
777
65
56
393
266
541
503
211
518
42
476
467
89
268
241
985
607
87
385
696
711
519
282
1
828
872
608
694
124
904
766
295
307
283
275
839
141
834
362
198
683
535
825
188
913
231
822
773
886
215
566
661
927
205
821
810
128
160
955
657
159
483
69
257
678
877
609
165
841
54
337
338
583
983
211
474
302
703
426
976
819
995
62
570
347
611
354
243
433
139
111
903
972
8
510
14
542
725
371
504
798
102
94
507
265
583
446
645
862
676
813
473
517
360
929
430
64
84
914
461
925
456
912
599
723
216
447
655
700
396
830
989
885
778
317
423
845
756
43
864
586
660
561
497
467
783
415
916
452
17
244
354
557
252
292
41
919
634
643
634
223
491
962
462
921
7
172
192
129
210
527
792
891
239
183
379
1000
937
713
158
600
21
658
304
263
772
691
344
788
764
447
366
885
310
124
734
472
277
545
745
965
568
595
47
148
24
275
20
514
70
115
604
195
876
379
696
577
112
250
270
752
525
838
64
790
658
36
888
315
1000
75
428
440
654
797
564
255
931
175
940
796
562
949
23
973
506
970
145
464
870
815
129
457
29
714
370
144
463
975
136
965
623
831
400
356
881
828
19
96
8
21
573
980
951
546
776
36
310
46
356
538
433
530
362
975
59
720
364
621
730
401
729
934
27
551
782
232
538
128
946
613
473
354
914
891
798
921
920
783
895
69
579
314
643
800
378
281
545
957
109
334
83
304
514
846
480
174
247
331
555
204
34
279
637
722
393
698
256
340
478
915
310
4
25
189
376
572
403
741
272
297
985
956
773
708
744
485
712
321
218
411
778
614
353
486
569
639
179
108
512
317
750
593
892
504
124
254
120
44
477
728
940
476
458
414
577
20
237
235
891
705
74
858
563
910
651
111
694
752
824
868
338
28
885
587
423
128
548
461
240
746
989
12
101
511
5
364
13
609
561
379
971
874
392
943
608
673
433
815
238
37
742
923
878
868
214
696
858
872
463
921
639
901
220
792
300
801
180
858
497
740
317
913
648
833
194
991
831
334
276
332
578
181
298
213
385
546
181
322
725
404
843
938
202
638
373
513
603
62
772
982
791
344
805
328
95
955
467
981
251
555
286
845
788
124
268
399
477
73
616
107
185
883
754
33
144
483
990
713
686
172
826
474
704
456
177
695
60
859
379
41
712
418
448
399
265
267
671
729
314
644
426
476
987
153
182
872
993
395
459
517
903
554
739
481
645
884
114
968
245
891
726
370
344
150
783
185
414
504
14
308
24
813
746
543
371
401
997
495
502
338
758
630
510
423
813
643
669
571
962
299
822
293
835
96
219
129
695
232
782
358
378
667
685
447
347
338
99
394
901
74
254
835
560
145
1000
507
377
422
988
906
258
915
697
40
848
21
47
171
568
194
804
488
365
84
528
643
692
442
826
774
501
852
302
219
908
72
716
358
107
392
681
692
85
521
93
564
696
692
906
671
763
582
123
572
934
724
917
171
997
193
631
251
666
356
386
737
651
327
449
249
226
979
268
902
197
791
65
836
299
250
961
454
869
464
674
837
161
308
469
156
447
576
89
660
570
86
187
254
726
380
764
503
302
999
448
278
523
546
791
470
470
564
134
928
568
254
338
398
309
696
552
194
516
994
387
723
793
87
900
168
174
667
869
678
419
531
25
219
550
465
234
914
880
242
737
221
360
817
755
331
160
242
895
941
964
463
258
905
293
439
389
354
281
572
613
420
8
631
727
933
556
146
701
577
238
609
182
821
39
772
979
854
758
956
367
211
331
250
110
103
195
95
221
573
180
778
570
346
935
716
758
17
8
859
864
979
858
42
772
831
538
700
62
453
194
781
278
713
702
528
5
722
254
675
717
663
408
299
659
512
631
364
570
997
145
321
738
41
130
687
126
384
856
295
261
795
994
330
351
447
607
956
802
409
318
623
549
325
687
98
325
268
331
649
591
18
712
210
315
755
154
702
531
904
656
235
944
702
338
906
144
775
491
457
927
533
111
7
540
13
670
918
151
48
662
868
923
78
165
626
976
347
771
424
535
351
280
528
960
981
734
734
344
987
307
757
1
382
964
553
430
935
818
327
58
143
711
952
54
846
97
897
872
412
867
542
771
901
497
879
598
495
310
317
359
354
943
542
45
240
892
138
546
690
876
254
358
486
606
965
279
106
738
706
278
461
629
298
663
279
504
916
333
995
802
229
728
301
825
134
263
735
759
936
150
35
877
204
190
259
583
654
168
35
372
462
554
425
487
789
639
222
52
251
875
202
28
384
867
536
725
632
312
143
82
855
905
260
699
135
281
458
89
15
677
185
953
883
252
338
968
768
216
292
412
362
535
758
284
443
466
825
155
580
802
736
442
108
824
783
811
11
310
737
172
526
525
685
297
711
388
381
44
242
806
412
56
918
673
26
366
124
728
87
302
245
958
929
95
675
364
416
578
297
823
526
493
895
142
355
590
906
887
872
770
220
44
310
795
489
968
632
248
487
932
81
751
168
274
36
896
823
226
570
15
990
712
523
528
900
633
883
287
222
891
821
859
685
837
946
672
673
488
412
489
306
696
194
763
977
516
529
702
891
811
447
392
606
19
287
806
623
941
901
570
689
754
178
65
826
261
368
300
782
274
426
715
486
224
585
353
274
690
528
526
832
503
976
483
868
162
995
940
609
758
867
289
136
249
165
833
482
96
316
125
282
325
877
124
636
48
585
950
1
617
892
130
7
686
160
865
361
344
143
657
940
226
120
201
697
559
715
172
735
631
798
636
39
707
676
758
311
295
262
284
186
473
660
692
619
29
558
611
137
415
42
143
560
283
548
695
463
239
418
930
696
671
554
594
462
588
128
473
514
79
405
241
304
624
493
245
264
972
385
903
167
887
948
950
312
574
314
166
870
838
537
914
133
939
314
162
307
257
922
675
354
88
333
516
453
414
378
458
197
836
827
924
994
3
422
6
693
159
80
970
413
339
487
897
749
914
975
331
99
518
557
343
750
467
381
138
633
484
71
394
105
91
326
831
453
73
958
298
292
80
206
486
754
384
114
510
403
978
386
96
661
871
313
921
672
697
350
205
293
58
511
106
45
429
378
296
753
585
48
168
913
806
308
179
452
386
761
912
133
974
405
439
135
241
49
665
769
158
236
11
405
851
994
248
708
758
435
919
872
335
333
603
335
828
66
949
864
822
801
195
105
954
973
706
190
130
731
491
553
653
153
573
5
861
213
229
355
939
927
138
43
387
516
74
112
121
26
651
414
385
50
625
752
363
43
457
153
938
40
94
595
636
791
636
287
664
891
865
111
985
118
20
613
652
590
661
806
23
575
140
502
241
748
29
662
149
801
429
297
939
213
170
485
24
576
807
810
28
442
643
738
870
236
472
913
699
341
320
920
963
188
207
718
915
229
131
71
222
583
368
644
51
87
520
236
641
674
612
866
113
997
978
278
165
621
233
281
504
681
817
651
733
653
600
796
711
321
661
338
254
